FrameTime	CursorPosScreenX	CursorPosScreenY	SuccessfulSel?	dx	dy	dt	distance	cursorSpeed	smoothSpeed12	smoothSpeed24	smoothSpeed48	smoothSpeed96
23.2261	230	928	False	0.0	2.0	0.016579999999997597	2.0	120.6272617611755	749.8641230574995	543.2839685464855	679.3927434487964	701.0060704969202
23.242929999999998	228	931	False	-2.0	3.0	0.01682999999999879	3.605551275463989	214.23358737161308	716.2116743930875	461.4022539194636	674.3495357737542	682.9489278912055
23.25957	222	937	False	-6.0	6.0	0.01664000000000243	8.48528137423857	509.9327748940703	738.0822946617849	461.74968794223037	667.4450903789178	648.4753700793641
23.27629	216	943	False	-6.0	6.0	0.016719999999999402	8.48528137423857	507.49290515782735	760.5321002503339	480.36690850503595	658.5610415793002	636.0561815838279
23.29286	211	949	False	-5.0	6.0	0.016570000000001528	7.810249675906654	471.3488036153249	769.3790308822998	500.0064419890078	633.1694639077635	637.8266235242403
23.30951	208	953	False	-3.0	4.0	0.0166499999999985	5.0	300.30030030032736	734.3162586079649	512.5189545015214	592.2026817704987	640.3291260267432
23.326060000000002	208	953	False	0.0	0.0	0.016550000000002285	0.0	0.0	629.4285144267438	506.9994344148811	555.0305478735269	639.0778747754918
23.34289	208	953	False	0.0	0.0	0.01682999999999879	0.0	0.0	451.2053531177703	499.10952009310375	545.3394499036211	638.199437609438
23.35957	208	952	False	0.0	-1.0	0.016680000000000916	1.0	59.95203836930126	303.4582133977617	499.10351528156804	543.777059663075	638.8239380091183
23.37621	208	948	False	0.0	-4.0	0.016639999999998878	4.0	240.3846153846316	252.4270273199123	509.11954092259435	546.282569981086	636.0068307100507
23.3929	208	942	False	0.0	-6.0	0.016690000000000538	6.0	359.49670461352946	251.94082912930415	521.6345450498735	548.799928733724	627.4221348836039
23.409679999999998	208	938	False	0.0	-4.0	0.01677999999999713	4.0	238.37902264604793	251.8456678428223	515.4366026806989	542.2024110597073	603.5899165478971
23.426370000000002	208	923	False	0.0	-15.0	0.01669000000000409	15.0	898.7417615336324	316.68854282386036	533.276332940678	545.8862365038354	556.4715306646093
23.443189999999998	213	908	False	5.0	-15.0	0.016819999999995616	15.811388300841896	940.0349762690854	377.17199189864976	546.6918331458668	511.9732508288225	541.5632664896754
23.459770000000002	224	876	False	11.0	-32.0	0.016580000000004702	33.83784863137726	2040.883512145215	504.7512200029118	621.4167573323465	529.5862976984585	557.2287943235275
23.476329999999997	240	844	False	16.0	-32.0	0.0165599999999948	35.77708763999664	2160.452152174388	642.4978239209585	701.5149620856442	562.1727399961665	579.1097517470007
23.49306	271	813	False	31.0	-31.0	0.016730000000002576	43.840620433565945	2620.479404277298	821.5920406427895	795.4855357625428	608.7998233627661	606.4064122082226
23.509629999999998	307	777	False	36.0	-36.0	0.016569999999997975	50.91168824543142	3072.5219218731227	1052.610509107189	893.4633838575751	667.1811197524958	638.4118488944009
23.526310000000002	370	736	False	63.0	-41.0	0.01668000000000447	75.16648189186454	4506.383806465491	1428.1424929793131	1028.7855037030267	753.1425942470592	685.3533468784163
23.54305	445	704	False	75.0	-32.0	0.016739999999998645	81.54140052758476	4871.051405471408	1834.063443435264	1142.6343982765154	846.2190887104911	736.0934656854103
23.55967	529	681	False	84.0	-23.0	0.016619999999999635	87.09190547921202	5240.186851938262	2265.749677899344	1284.6039456485512	941.080217589989	790.6787453931005
23.57638	571	672	False	42.0	-9.0	0.01670999999999978	42.95346318982906	2570.5244278772966	2459.927995607066	1356.1775114634875	978.0387003049356	817.4550415168223
23.5931	608	653	False	37.0	-19.0	0.016719999999999402	41.593268686170845	2487.6356869720294	2637.272910803608	1444.6068699664545	1016.0758356808346	840.8472437662978
23.60971	675	622	False	67.0	-31.0	0.016610000000000014	73.824115301167	4444.558416686751	2987.787860307	1619.8167640749095	1097.374164548763	882.391523567475
23.62643	739	591	False	64.0	-31.0	0.016719999999999402	71.11258679024411	4253.145142957335	3267.321475425642	1792.0050091247494	1167.644488835618	914.0650934003537
23.64324	771	581	False	32.0	-10.0	0.016809999999999548	33.52610922848042	1994.4145882499301	3355.186443090712	1866.1792174946793	1163.790735707072	915.4414799407831
23.659670000000002	783	578	False	12.0	-3.0	0.016430000000003275	12.36931687685298	752.8494751582784	3247.850273341801	1876.3007466723545	1169.025217307293	908.851102267297
23.6764	789	577	False	6.0	-1.0	0.016729999999999023	6.082762530298219	363.5841321158741	3098.111271670258	1870.3045477956064	1175.3357281503218	910.7805297235678
23.693170000000002	790	577	False	1.0	0.0	0.016770000000001062	1.0	59.630292188427944	2884.707178996185	1853.1496098194855	1176.5780259042474	911.4016786005308
23.709670000000003	790	577	False	0.0	0.0	0.016500000000000625	0.0	0.0	2628.6636855067586	1840.6370973069718	1176.5780259042474	911.4016786005308
23.72635	790	577	False	0.0	0.0	0.016679999999997364	0.0	0.0	2253.1317016346343	1840.6370973069718	1173.818265860927	911.4016786005308
23.74304	791	577	False	1.0	0.0	0.016690000000000538	1.0	59.91611743558824	1852.2037609649824	1843.1336022001215	1171.1215611466132	912.025804823818
23.75981	792	577	False	1.0	0.0	0.016770000000001062	1.0	59.630292188427944	1420.4907143191629	1843.1201961092518	1171.1118556954104	910.8879816082772
23.77658	793	560	False	1.0	-17.0	0.01676999999999751	17.029386365926403	1015.4672847900376	1290.902619061891	1875.415307334477	1192.2674241285363	915.1538482253239
23.7932	801	545	False	8.0	-15.0	0.016619999999999635	17.0	1022.8640192539334	1168.8383134187163	1903.0556121111604	1212.3450785805176	917.6853064342846
23.80985	807	538	False	6.0	-7.0	0.016650000000002052	9.219544457292887	553.7263938313364	844.6023115140985	1916.1950859105473	1215.8158442956237	912.1270454976649
23.82656	811	534	False	4.0	-4.0	0.01670999999999978	5.656854249492381	338.5310741766879	518.3844724490446	1892.8529739373414	1213.0646534390103	911.3053687149326
23.84338	814	534	False	3.0	0.0	0.01681999999999917	3.0	178.35909631392082	367.04651478771046	1861.1164789392096	1203.9041560425387	912.2874500898006
23.86009	826	517	False	12.0	-17.0	0.01670999999999978	20.808652046684813	1245.2813911840267	408.08250778985615	1827.966390565827	1224.6915739490871	925.2591312479675
23.876479999999997	841	493	False	15.0	-24.0	0.016389999999997684	28.30194339616981	1726.781171212557	521.682261047913	1809.8967663590838	1255.7058642223644	941.3807634729737
23.893320000000003	848	482	False	7.0	-11.0	0.016840000000005517	13.038404810405298	774.2520671259517	581.23407562604	1732.9706273111108	1264.2280815368274	943.0162640341963
23.909860000000002	852	476	False	4.0	-6.0	0.01653999999999911	7.211102550927978	435.9795980005058	617.5657087927488	1623.114697149752	1258.289040503664	932.3436146393129
23.92665	854	472	False	2.0	-4.0	0.016789999999996752	4.47213595499958	266.35711465160483	639.7621350137159	1446.4469183241733	1237.6162110136004	917.8252742474073
23.94332	855	471	False	1.0	-1.0	0.016670000000001295	1.4142135623730951	84.8358465730645	641.8387791085055	1247.0212700367422	1194.8278341566293	907.4055743291866
23.96	857	464	False	2.0	-7.0	0.016680000000000916	7.280109889280518	436.4574274148752	673.2410403773762	1046.8658773482678	1165.73491149841	907.9880597403995
23.976760000000002	870	455	False	13.0	-9.0	0.01676000000000144	15.811388300841896	943.4002566133972	667.2354546959895	979.0690368789387	1167.6232741712136	917.1925117559543
23.99338	889	448	False	19.0	-7.0	0.016619999999996082	20.248456731316587	1218.318696228722	683.5233444438886	926.1808289313009	1185.3938494488782	929.8833315083369
24.010289999999998	901	435	False	12.0	-13.0	0.016909999999999314	17.69180601295413	1046.2333538116409	724.565591108914	784.5839513115046	1202.2003576932077	940.1633958083654
24.02661	912	421	False	11.0	-14.0	0.016320000000003887	17.804493814764857	1090.9616308064103	787.2681374947242	652.8263049718827	1222.4156570483167	950.9042002485553
24.04362	922	408	False	10.0	-13.0	0.01700999999999908	16.401219466856727	964.2104330898068	852.7557488927147	609.901131840211	1238.0401746674456	956.1948552205986
24.06014	927	402	False	5.0	-6.0	0.016519999999999868	7.810249675906654	472.77540411057606	788.3802499699271	598.23137887989	1237.2660627761227	952.3555765775191
24.076620000000002	927	401	False	0.0	-1.0	0.016480000000001382	1.0	60.679611650480346	649.5384533397541	585.610357193832	1227.9574524947195	943.2592470370088
24.09327	927	401	False	0.0	0.0	0.0166499999999985	0.0	0.0	585.0174477459249	583.1257616859808	1218.1376857527337	925.6535748302475
24.110120000000002	928	401	False	1.0	0.0	0.016850000000001586	1.0	59.34718100889649	553.6314129966241	585.5985608946849	1213.1178291008289	902.6602554356626
24.126739999999998	946	405	False	18.0	4.0	0.016619999999996082	18.439088914585774	1109.4517999151697	623.8893034352544	631.8257192244836	1236.2314082657283	895.6309780696264
24.14365	954	409	False	8.0	4.0	0.016910000000002867	8.94427190999916	528.9338799525514	660.897472883545	651.3681259960238	1247.250864098073	896.2951570008458
24.16016	956	408	False	2.0	-1.0	0.016510000000000247	2.23606797749979	135.4371882192463	635.8124529505759	654.5267466639746	1248.8234713866134	896.3002655248432
24.17677	958	403	False	2.0	-5.0	0.016610000000000014	5.385164807134504	324.21220994187235	584.2134490612822	625.7244518786343	1250.569879606556	898.42622479382
24.19346	958	397	False	0.0	-6.0	0.016690000000000538	6.0	359.49670461352946	512.6449497600162	598.0841471019509	1250.569879606556	899.684904170139
24.210060000000002	956	395	False	-2.0	-2.0	0.016600000000000392	2.8284271247461903	170.38717618952552	439.65776829150656	582.1116797002087	1249.1533828053784	895.6778969325419
24.22699	940	389	False	-16.0	-6.0	0.016929999999998557	17.08800749063506	1009.3329882242479	432.8553814096597	610.0617594521904	1251.4573666947663	898.6718015993
24.243489999999998	920	375	False	-20.0	-14.0	0.016499999999997073	24.413111231467404	1479.5824988770748	475.8030535585987	664.2794012256551	1262.6979400824328	887.3355954556267
24.260270000000002	900	360	False	-20.0	-15.0	0.016780000000004236	25.0	1489.8688915371686	560.5608441774814	674.4705470737026	1251.2184688197651	890.4023832591109
24.27681	880	344	False	-20.0	-16.0	0.01653999999999911	25.612496949731394	1548.5185580249558	684.5474230420209	667.0429381908859	1238.4698522749852	900.3212961355749
24.29352	874	331	False	-6.0	-13.0	0.01670999999999978	14.317821063276353	856.8414759590988	755.9508793719459	670.4841635589337	1201.7273954350228	905.2636093988935
24.3103	871	329	False	-3.0	-2.0	0.016780000000000683	3.605551275463989	214.8719472862838	768.9112765617282	661.2713447791745	1142.1930209644636	904.6870703584788
24.3268	871	329	False	0.0	0.0	0.016499999999997073	0.0	0.0	676.4569599021307	650.1731316686909	1048.3100249964325	900.7263096217449
24.34366	872	327	False	1.0	-2.0	0.016860000000001207	2.23606797749979	132.62562144125917	643.4312716928564	652.1643722881989	949.5928211624711	897.9059549364802
24.36039	874	321	False	2.0	-6.0	0.016729999999999023	6.324555320336759	378.0367794582862	663.6479042961097	649.7301786233412	848.2980279858049	894.689122787896
24.37694	874	310	False	0.0	-11.0	0.016550000000002285	11.0	664.6525679757391	692.0179341322654	638.1156915967721	808.5923642378558	893.3155322713947
24.3936	874	301	False	0.0	-9.0	0.01665999999999812	9.0	540.2160864346348	707.0778826173574	609.8614161886852	768.0211225599936	892.048479120413
24.41027	874	298	False	0.0	-3.0	0.016670000000001295	3.0	179.9640071985463	707.8759518681092	573.7668600798062	679.175405695656	888.2747851222084
24.42683	874	298	False	0.0	0.0	0.016559999999998354	0.0	0.0	623.7648695160885	528.3101254628724	590.5682152173782	879.106352026497
24.44395	874	298	False	0.0	0.0	0.017120000000002022	0.0	0.0	500.466327942999	488.1346907507971	549.0179112955046	856.4043235012872
24.4602	874	298	False	0.0	0.0	0.01624999999999943	0.0	0.0	376.3105869815683	468.4357155795231	533.3335472297072	851.179382268499
24.47689	874	298	False	0.0	0.0	0.016690000000000538	0.0	0.0	247.26737381282194	465.90739842741976	525.7588778106265	850.547302980473
24.49371	877	296	False	3.0	-2.0	0.01681999999999917	3.605551275463989	214.36095573508723	193.727330460821	474.8391049163817	528.9824333011819	852.7802296027135
24.51044	879	295	False	2.0	-1.0	0.016729999999999023	2.23606797749979	133.65618514643876	186.9593502825006	477.93531342211264	531.7669371583994	854.1724815313222
24.52686	879	295	False	0.0	0.0	0.0164200000000001	0.0	0.0	186.9593502825006	431.7081550923139	531.7669371583994	852.7926015096622
24.5437	880	295	False	1.0	0.0	0.016840000000001965	1.0	59.38242280284343	180.85575039596594	412.1435110444094	531.7558185202172	851.4386898334141
24.5603	881	295	False	1.0	0.0	0.016600000000000392	1.0	60.24096385542026	154.37276576239378	409.01033502925	531.7685408466128	851.4401982710106
24.57692	881	295	False	0.0	0.0	0.016619999999999635	0.0	0.0	98.98505176441552	395.50149294833864	510.6129724134871	851.4401982710106
24.59365	882	295	False	1.0	0.0	0.016729999999999023	1.0	59.772863120146944	58.94811648820819	383.01299955278097	490.5485733273665	851.4468259539409
24.61045	886	301	False	4.0	6.0	0.016799999999999926	7.211102550927978	429.2322946980958	79.72047377983732	393.7982128239714	487.9549462620907	851.8853952788562
24.62712	893	308	False	7.0	7.0	0.016670000000001295	9.899494936611665	593.8509260114515	129.20805094745828	376.4864602317716	493.27410984198156	853.169381640495
24.64386	894	319	False	1.0	11.0	0.016739999999998645	11.045361017187261	659.8184598081335	184.19292259813608	342.3296252705657	503.30451324811105	853.6043346453239
24.66038	891	326	False	-3.0	7.0	0.016519999999999868	7.615773105863909	461.0032146406761	222.60985715152574	299.4602220665452	486.96538457012457	855.8284792596049
24.67711	891	327	False	0.0	1.0	0.016729999999999023	1.0	59.772863120146944	227.59092907820468	237.42915144551148	452.23604481819933	853.970954520281
24.69381	890	329	False	-1.0	2.0	0.01670000000000016	2.23606797749979	133.89628607783044	220.88553994009996	207.30643520045862	438.8952993796968	851.5616904582612
24.71048	885	335	False	-5.0	6.0	0.016670000000001295	7.810249675906654	468.521276299103	248.79096420282198	217.8751572426594	439.57325101091755	848.9311457572899
24.72731	878	344	False	-7.0	9.0	0.01682999999999879	11.40175425099138	677.4660874029827	305.2464714864039	246.10291088445035	448.13802127657124	842.877116145085
24.743920000000003	860	359	False	-18.0	15.0	0.016610000000003566	23.430749027719962	1410.641121475914	417.8513630424931	299.35355671922764	475.75896450371397	835.2933993301707
24.76045	830	371	False	-30.0	12.0	0.016529999999995937	32.31098884280702	1954.6877702852366	575.7219302449779	365.04734800368396	507.38876331351315	836.5618374059605
24.77722	788	380	False	-42.0	9.0	0.016770000000001062	42.95346318982906	2561.3275605143913	789.1658936211771	444.07547269279445	541.0955821447839	854.3594281579976
24.79425	761	382	False	-27.0	2.0	0.017030000000001877	27.073972741361768	1589.7811357227706	916.6665830047292	487.8073497464668	548.8343829675765	867.1141162082263
24.81073	750	382	False	-11.0	0.0	0.01647999999999783	11.0	667.4757281554278	936.5202024595069	508.1203381196702	540.9435990997387	871.5719783964722
24.8273	750	382	False	0.0	0.0	0.016570000000001528	0.0	0.0	887.0326252918859	508.1203381196702	518.2152317912718	870.3154444197934
24.84383	750	382	False	0.0	0.0	0.01652999999999949	0.0	0.0	832.0477536412081	508.1203381196702	498.12751443523416	868.0838445513391
24.86042	749	382	False	-1.0	0.0	0.01659000000000077	1.0	60.27727546714608	798.6539253767473	510.6318912641346	489.53380342182936	863.3999330989753
24.877229999999997	749	382	False	0.0	0.0	0.016809999999995995	0.0	0.0	793.6728534500685	510.6318912641346	488.2696448457777	858.113548670248
24.89395	751	382	False	2.0	0.0	0.016720000000002955	2.0	119.61722488036163	792.4829316836127	506.6842358118544	490.7616703641186	854.4496780584254
24.910829999999997	757	383	True	6.0	1.0	0.016879999999996897	6.082762530298219	360.3532304679702	783.4689278643517	516.1299460335848	497.0326297278493	855.0752294143384
