FrameTime	CursorPosScreenX	CursorPosScreenY	SuccessfulSel?	dx	dy	dt	distance	cursorSpeed	smoothSpeed12	smoothSpeed24	smoothSpeed48	smoothSpeed96
92.60687	809	405	False	7.0	-6.0	0.016670000000004848	9.219544457292887	553.062055026407	120.8110738557228	257.608783124313	989.2295129947478	788.8859455116212
92.62361999999999	819	400	False	10.0	-5.0	0.016749999999987608	11.180339887498949	667.48297835864	171.39026474799846	285.42057388925633	971.6107731808879	786.9981125621249
92.64018	826	396	False	7.0	-4.0	0.016560000000012565	8.06225774829855	486.8513133026831	207.34951226404337	305.7060452768681	978.0421074495162	787.877691309037
92.65693	827	395	False	1.0	-1.0	0.01675000000000182	1.4142135623730951	84.43066044017561	214.385400634058	306.71847733519763	975.8418977759793	786.4823241883543
92.67358	827	395	False	0.0	0.0	0.0166499999999985	0.0	0.0	214.385400634058	304.22794137185764	931.0842424103125	785.8619152147589
92.69032	828	392	False	1.0	-3.0	0.016739999999998645	3.1622776601683795	188.90547551783965	230.12752359387795	312.09900285176764	815.5058404100304	787.2341021589691
92.70776	829	388	False	1.0	-4.0	0.01743999999999346	4.123105625617661	236.41660697357835	244.53454071461405	316.89612699012133	648.5727259770107	789.6967751482772
92.72449	829	385	False	0.0	-3.0	0.01673000000000968	3.0	179.3185893603266	259.47775649464126	288.0354646221179	505.3144640433039	788.4882841300347
92.74035	829	383	False	0.0	-2.0	0.015860000000003538	2.0	126.10340479190126	269.986373560633	233.8720666785795	393.9138420805952	777.9348286315071
92.75695999999999	829	381	False	0.0	-2.0	0.016609999999985803	2.0	120.40939193267366	280.0204895550225	178.1216137228936	334.89116195304257	759.1983415933929
92.77368	826	376	False	-3.0	-5.0	0.016720000000006507	5.830951894845301	348.7411420360665	294.13009828130663	168.07949613358798	312.07370166879645	750.8472948387347
92.79047	822	371	False	-4.0	-5.0	0.016790000000000305	6.4031242374328485	381.3653506511455	281.0905806992903	180.43489213683912	306.32904810685477	749.438015447655
92.80708	822	370	False	0.0	-1.0	0.016610000000000014	1.0	60.20469596628532	240.0191341109468	180.41510398333102	298.0311187647536	748.8176427072839
92.82366	822	370	False	0.0	0.0	0.016580000000004702	0.0	0.0	184.39555258106012	177.89290866452552	280.96100015440425	744.9517421770457
92.84109000000001	822	370	False	0.0	0.0	0.017430000000004497	0.0	0.0	143.82460980583653	175.58706103493617	261.048290837323	740.4618646174412
92.85777	822	370	False	0.0	0.0	0.01667999999999381	0.0	0.0	136.78872143582188	175.58706103493617	244.36319049640176	733.7391034385499
92.87465	824	370	False	2.0	0.0	0.01688000000000045	2.0	118.48341232227172	146.66233912934453	180.5238698816975	226.36313149853086	728.539823508548
92.89066	824	370	False	0.0	0.0	0.016009999999994307	0.0	0.0	130.92021616952456	180.5238698816975	209.34427450561714	716.36311780983
92.90718000000001	824	370	False	0.0	0.0	0.01652000000001408	0.0	0.0	111.2188322550597	177.87668648483313	200.3321987321068	703.5333474762224
92.92404	823	371	False	-1.0	1.0	0.016859999999994102	1.4142135623730951	83.8798079699638	103.26560047252947	181.3716784835816	196.79014669747144	689.1464712116899
92.9409	781	382	False	-42.0	11.0	0.016859999999994102	43.41658669218482	2575.123765848162	307.3506305605512	288.6685020605883	247.93153883094124	708.4235485341904
92.95738	678	398	False	-103.0	16.0	0.016480000000001382	104.23531071570709	6324.958174496259	824.3963624408501	552.2084259979324	378.4434492698236	771.6462298905645
92.97413	565	421	False	-113.0	23.0	0.01675000000000182	115.31695452100702	6884.594299760865	1369.05079225125	831.5904452662744	521.8724971815083	843.360753846407
92.99091	450	450	False	-115.0	29.0	0.01677999999999713	118.6001686339442	7067.948071154021	1926.2660189598228	1103.6782998295528	669.1214153305503	916.985212920928
93.00755	417	464	False	-33.0	14.0	0.016639999999995325	35.84689665786984	2154.2606164591293	2100.7706790008933	1170.3949065559161	714.0018448401156	939.4254276757106
93.02416	409	472	False	-8.0	8.0	0.016610000000000014	11.313708498984761	681.1383804325558	2157.5322107036063	1170.9638816423294	728.1922277657937	946.5206191385497
93.04089	409	481	False	0.0	9.0	0.01673000000000968	9.0	537.9557680809797	2202.3618580436882	1173.0932339247586	739.3996396008142	952.12432505606
93.05759	409	490	False	0.0	9.0	0.01670000000000016	9.0	538.9221556886176	2247.2720376844063	1192.0303795601103	749.3744284476549	957.1158354641565
93.07406999999999	408	500	False	-1.0	10.0	0.01647999999998717	10.04987562112089	609.8225498257714	2288.2169658096977	1217.4396524695173	760.8337969206885	951.8670038273144
93.09084	404	510	False	-4.0	10.0	0.016770000000008167	10.770329614269007	642.2379018642673	2341.7367909650534	1236.3285035672852	774.2137532095275	941.5992339805949
93.10757	400	520	False	-4.0	10.0	0.01672999999999547	10.770329614269007	643.7734377927031	2395.384577447779	1253.3017048514155	785.0989159207694	940.624951570859
93.12415	397	539	False	-3.0	19.0	0.016580000000004702	19.235384061671343	1160.155854141489	2485.0742479620726	1294.1699242172974	791.1026944197087	952.7099083848328
93.14098	395	551	False	-2.0	12.0	0.01682999999999879	12.165525060596439	722.847597183441	2330.717900573346	1319.034265566945	776.4531661227633	960.2395708554936
93.15762	394	567	False	-1.0	16.0	0.016639999999995325	16.0312195418814	963.4146359306432	1883.922605692878	1354.1594840668602	766.140548894878	970.2751399797712
93.1743	392	587	False	-2.0	20.0	0.016680000000008022	20.09975124224178	1205.0210576877766	1410.6248355201205	1389.8378138856815	778.9586550096359	982.8274426640188
93.19102	388	608	False	-4.0	21.0	0.016719999999992297	21.37755832643195	1278.5621008637438	928.1760046625974	1427.2210118112064	803.8279519740239	996.1457978813495
93.20777	385	630	False	-3.0	22.0	0.01675000000000182	22.20360331117452	1325.5882573834094	859.1199747396208	1479.9453268702534	830.1802154267933	1009.3283832701344
93.22455	381	668	False	-4.0	38.0	0.01677999999999713	38.2099463490856	2277.112416513238	992.1178110796776	1574.8250108916382	876.3589597780829	1029.905417494421
93.24115	382	688	False	1.0	20.0	0.01660000000001105	20.024984394500787	1206.3243611137023	1047.8151938324045	1625.0885259380423	900.3377934864902	1029.7651863593603
93.2579	387	699	False	5.0	11.0	0.01675000000000182	12.083045973594572	721.3758790204931	1063.0196707767275	1655.145854230563	915.3664576327506	1029.773038668134
93.27433	390	709	False	3.0	10.0	0.016429999999999723	10.44030650891055	635.4416621369888	1065.1545968026624	1676.6857813061763	928.6048255939378	1035.145464220641
93.29106999999999	390	715	False	0.0	6.0	0.016739999999984434	6.0	358.42293906843366	1041.5033499030096	1691.6200704340279	936.0719701578636	1037.6367387486778
93.30821	392	719	False	2.0	4.0	0.017140000000011923	4.47213595499958	260.918083722081	1009.5987370637912	1702.491657255781	940.184171870308	1040.354635454116
93.3249	394	728	False	2.0	9.0	0.016689999999996985	9.219544457292887	552.3993084059049	958.9523582524926	1722.0133031072785	951.6924907954309	1046.1087949166774
93.34116999999999	397	734	False	3.0	6.0	0.01626999999999157	6.708203932499369	412.3050972650796	933.0738165926291	1631.8958585829835	960.2821803217868	1049.1650348443418
93.3577	398	734	False	1.0	0.0	0.016530000000003042	1.0	60.496067755584754	857.8306025780408	1370.8766041354556	961.5425150666948	1046.0119092385908
93.37424	398	734	False	0.0	0.0	0.016540000000006216	0.0	0.0	757.4121811040595	1084.0185083120862	957.8044767891812	1013.0575909480134
93.39116999999999	398	734	False	0.0	0.0	0.0169299999999879	0.0	0.0	650.8653393654142	789.5206720140021	946.5994859217782	986.1113717600196
93.40765	398	734	False	0.0	0.0	0.016480000000015593	0.0	0.0	540.3996512501301	699.7598129948716	935.0773597753947	962.153436385072
93.42430999999999	398	734	False	0.0	0.0	0.016659999999987463	0.0	0.0	350.64028320736026	671.3790471435151	921.1714643929231	946.3911187869063
93.44097	398	734	False	0.0	0.0	0.016660000000001673	0.0	0.0	250.11325311455175	648.9642234734744	911.0287286991171	944.5354180743175
93.45772	398	734	False	0.0	0.0	0.01675000000000182	0.0	0.0	189.99859652951068	626.5091336531153	909.2697566066134	942.5558271912972
93.47429	398	734	False	0.0	0.0	0.016570000000001528	0.0	0.0	137.04512468476162	601.0998607437082	909.2697566066134	920.1769995084637
93.49117	398	734	False	0.0	0.0	0.01688000000000045	0.0	0.0	107.17654642905882	574.3399481660304	905.3342258666585	860.420033138345
93.50775	398	734	False	0.0	0.0	0.016580000000004702	0.0	0.0	85.43337278555207	547.5160549246677	900.4088798880422	774.4908029325271
93.52438000000001	399	734	False	1.0	0.0	0.016630000000006362	1.0	60.13229104026563	44.41112133841546	501.6817397954501	897.9258320063742	701.6201480248398
93.54125	408	726	False	9.0	-8.0	0.016869999999997276	12.041594578792296	713.787467622658	69.53465220154699	501.30423439708414	910.169249982015	652.0415460313059
93.55788000000001	426	711	False	18.0	-15.0	0.016630000000006362	23.430749027719962	1408.9446198262776	181.90536487410475	519.8679837260689	937.0137338964649	635.9524479247547
93.57446	444	698	False	18.0	-13.0	0.01657999999999049	22.20360331117452	1339.1799343297498	293.50369273491725	525.4579369194845	957.6478754025834	634.8607885356907
93.59116	453	693	False	9.0	-5.0	0.01670000000000016	10.295630140987	616.5047988614912	344.8790926400415	497.8722160027239	962.5466139069655	634.437831006911
93.60799	457	692	False	4.0	-1.0	0.01682999999999879	4.123105625617661	244.98547983469737	365.29454929293297	452.84710027152755	966.3962135708908	632.213666167823
93.62446	471	687	False	14.0	-5.0	0.01646999999999821	14.866068747318506	902.6149816223511	440.5124644281289	395.57637381774066	985.2006923546897	633.0808462545477
93.64145	481	686	False	10.0	-1.0	0.016990000000006944	10.04987562112089	591.5171054218235	489.80555654661424	369.959404830579	997.523965384311	629.2861281108178
93.65807	491	685	False	10.0	-1.0	0.016619999999988977	10.04987562112089	604.6856571075544	540.1960279722438	365.09731225087324	1010.1215832407185	627.2423868685609
93.67456999999999	499	682	False	8.0	-3.0	0.01649999999999352	8.54400374531753	517.8184088073264	583.347562039521	360.19634336213727	1018.4410623341572	622.4020969163447
93.69136	510	677	False	11.0	-5.0	0.016790000000014516	12.083045973594572	719.6572944362196	643.3190032425392	375.24777483579504	1033.4339226349118	621.3890985702652
93.70801999999999	516	673	False	6.0	-4.0	0.016659999999987463	7.211102550927978	432.8392887715129	679.3889439734986	382.41115837952134	1042.4514078176517	621.39180327488
93.72458	517	673	False	1.0	0.0	0.016560000000012565	1.0	60.38647342990588	679.4101258393019	361.91062358885466	1041.9619633480672	619.37605502277
93.74143000000001	517	672	False	0.0	-1.0	0.01685000000000514	1.0	59.34718100888398	624.8734352881542	347.2040437448465	989.5499511639155	618.740744997429
93.75799	518	672	False	1.0	0.0	0.016559999999998354	1.0	60.3864734299577	512.4935897551275	347.199477314612	859.0380407250342	618.7407449974295
93.77462	522	670	False	4.0	-2.0	0.01662999999999215	4.47213595499958	268.9197808179008	423.30524362914	358.4044681820246	721.2114882470559	621.5419927142826
93.7914	526	667	False	4.0	-3.0	0.01677999999999713	5.0	297.9737783075599	396.7609919163124	370.8200422781729	580.1703571460879	624.6458862383198
93.80808	528	660	False	2.0	-7.0	0.016680000000008022	7.280109889280518	436.4574274146893	412.7169875479783	389.0057684204516	544.3827907076621	629.1923177738894
93.8246	529	650	False	1.0	-10.0	0.016519999999999868	10.04987562112089	608.345981908049	388.19457090511975	414.3535176666203	542.8662824050682	635.5292550854316
93.84145	531	646	False	2.0	-4.0	0.016849999999990928	4.47213595499958	265.4086620179221	361.018867288128	425.4122119173671	537.1882176954211	638.2939286481184
93.85818	529	642	False	-2.0	-4.0	0.01673000000000968	4.47213595499958	267.3123702927072	332.904426720224	436.55022734622986	531.529680499673	640.4520544736646
93.87472	527	634	False	-2.0	-8.0	0.016539999999992006	8.246211251235321	498.5617443312761	331.2997046805532	457.32363336003306	529.211747051871	645.0227719862803
93.89153	525	630	False	-2.0	-4.0	0.016810000000006653	4.47213595499958	266.0402114811309	293.49828110096246	468.40864217174686	521.374295168889	647.7940241892087
93.9081	523	628	False	-2.0	-2.0	0.016570000000001528	2.8284271247461903	170.695662326248	271.6529788971904	475.52096143534055	511.5185081800045	648.3087120503875
93.92469	520	625	False	-3.0	-3.0	0.016589999999993665	4.242640687119285	255.7348214057206	287.93200789517493	483.6710668672345	492.67640333134267	641.8895488755261
93.94157	518	619	False	-2.0	-6.0	0.01688000000000045	6.324555320336759	374.67744788723877	314.2095301350378	469.5414827115921	485.42285855433846	630.9380123385513
93.95824	515	605	False	-3.0	-14.0	0.016670000000004848	14.317821063276353	858.8974842994714	380.75211437416397	446.62285206464185	483.24541789535573	624.6929833951173
93.97471999999999	514	596	False	-1.0	-9.0	0.01647999999998717	9.055385138137417	549.4772535281836	404.13190376668757	413.71857369790996	469.58825530869757	624.2734551591672
93.99152	513	593	False	-1.0	-3.0	0.01680000000000348	3.1622776601683795	188.2308131052217	394.9866566664927	395.8738242913987	446.8730201470617	625.3504860605432
94.00816	513	592	False	0.0	-1.0	0.016640000000009536	1.0	60.09615384611941	363.62321720244523	388.170102375208	420.50860132336817	625.3444083750811
94.02469	513	592	False	0.0	0.0	0.016530000000003042	0.0	0.0	312.92771871010785	350.56114480761	373.0687593126757	624.7138595453797
94.04146999999999	513	592	False	0.0	0.0	0.01677999999998292	0.0	0.0	290.8103302086143	325.9145987483674	347.93700178947364	624.1373976379823
94.05821	513	589	False	0.0	-3.0	0.016740000000012856	3.0	179.21146953391255	283.4685884787147	308.18650759946564	336.64190992516984	626.0041837789605
94.07488000000001	513	586	False	0.0	-3.0	0.016670000000004848	3.0	179.96400719850794	256.91877705098403	294.10924086576483	327.1527921139515	627.878808853945
94.09163000000001	513	580	False	0.0	-6.0	0.01675000000000182	6.0	358.2089552238417	264.59950569621	279.0488933985824	327.1483341171891	631.6101521375266
94.10829	513	571	False	0.0	-9.0	0.016659999999987463	9.0	540.2160864349804	295.39287437193764	283.52292663456024	332.9670425070412	636.5756071886749
94.12484	513	563	False	0.0	-8.0	0.01655000000000939	8.0	483.38368580032994	314.36361307148843	301.1478104833279	331.52921703609167	641.6108539157616
94.14173000000001	513	551	False	0.0	-12.0	0.016890000000003624	12.0	710.4795737121033	342.34712355689385	328.278326845962	337.7411852954047	649.011682808596
94.15831	512	539	False	-1.0	-12.0	0.01657999999999049	12.041594578792296	726.2722906392763	331.29502408521097	356.0235692296837	351.6115232721482	656.5770191694218
94.17487	512	532	False	0.0	-7.0	0.016559999999998354	7.0	422.70531400970384	320.7306957920043	362.43129977934205	360.4178839806837	659.1111803849327
94.19164	512	531	False	0.0	-1.0	0.016770000000008167	1.0	59.630292188402684	310.0139857156027	352.5003211910439	361.6601817346088	654.1298338281938
94.20848000000001	510	531	False	-2.0	0.0	0.016840000000001965	2.0	118.76484560568686	314.90304336223335	339.26313028233545	364.1344493513939	649.6059045633946
94.22483000000001	510	531	False	0.0	0.0	0.01635000000000275	0.0	0.0	314.90304336223335	313.91538103616676	364.1344493513939	642.6529568721588
94.24175	500	515	False	-10.0	-16.0	0.016919999999984725	18.867962264113206	1115.127793388312	407.83035947792604	349.32034484326635	387.36627838031717	649.1975035397173
94.2584	489	498	False	-11.0	-17.0	0.0166499999999985	20.248456731316587	1216.1235274065111	494.23969763397594	388.85414305634146	412.7021852012861	660.98597090395
94.27499	481	490	False	-8.0	-8.0	0.016590000000007876	11.313708498984761	681.9595237480042	536.072657346434	396.4957171987051	426.90967527936954	668.0897159429917
94.29169	472	490	False	-9.0	0.0	0.01670000000000016	9.0	538.9221556886176	551.1320907184986	407.86579820735034	438.13722018954905	671.735723028104
94.30841	464	490	False	-8.0	0.0	0.016719999999992297	8.0	478.46889952175155	545.9864918090628	420.6896830904963	448.1053222629189	674.2571010754808
94.32497	461	490	False	-3.0	0.0	0.016559999999998354	3.0	181.15942028987308	520.8011363498581	417.5823747106693	450.62672078895235	674.2762763976635
94.3418	452	491	False	-9.0	1.0	0.016830000000013	9.055385138137417	538.0502161693655	506.4320232212967	424.38957338909125	446.96552805034213	678.5673890161787
94.35838000000001	428	493	False	-24.0	2.0	0.016580000000004702	24.08318915758459	1452.5445812773078	566.9547141077993	449.1248690965011	447.87386058057194	692.4437972385186
94.37501	409	489	False	-19.0	-4.0	0.01662999999999215	19.4164878389476	1167.557897712373	629.0257627496884	474.87822927084227	444.2984014843766	700.97313844348
94.39174	396	474	True	-13.0	-15.0	0.01672999999999547	19.849433241279208	1186.4574561437287	722.9280264126322	516.4710060641135	456.1724151777566	709.3595145423611
