FrameTime	CursorPosScreenX	CursorPosScreenY	SuccessfulSel?	dx	dy	dt	distance	cursorSpeed	smoothSpeed12	smoothSpeed24	smoothSpeed48	smoothSpeed96
139.8405	1086	780	False	0.0	0.0	0.01659999999998263	0.0	0.0	571.9190987164587	670.4048974116371	1214.487862862736	793.5352242873274
139.8572	1086	780	False	0.0	0.0	0.01670000000001437	0.0	0.0	561.878938073895	645.5567675506805	1210.4707418513442	789.5902671264421
139.8738	1086	780	False	0.0	0.0	0.01659999999998263	0.0	0.0	561.878938073895	595.7338929491092	1200.413035079506	786.7839569137135
139.8905	1086	780	False	0.0	0.0	0.01670000000001437	0.0	0.0	561.878938073895	536.2186212830085	1184.1954702092605	785.3892039337373
139.9073	1086	782	False	0.0	2.0	0.016799999999989268	2.0	119.0476190476951	571.7995729945363	512.9511231271239	1166.9124018655345	786.6292832988174
139.9239	1079	810	False	-7.0	28.0	0.01660000000001105	28.861739379323623	1738.6589987532777	716.6878228906427	581.8455152378916	1186.4659955788798	804.7403145358307
139.9407	1069	836	False	-10.0	26.0	0.016799999999989268	27.85677655436824	1658.1414615705971	854.8662780215258	648.454584073177	1214.7730844114956	822.0126214271912
139.9576	1063	844	False	-6.0	8.0	0.01690000000002101	10.0	591.7159763306254	799.8912401284107	665.5792959383508	1217.9084426440438	827.2942102759621
139.974	1063	844	False	0.0	0.0	0.01639999999997599	0.0	0.0	592.6235574320862	650.3113176996607	1210.4679664535627	821.7151983560478
139.9906	1063	844	False	0.0	0.0	0.01660000000001105	0.0	0.0	392.1972042426901	615.7066114678452	1200.2883480845037	814.4410567706682
140.0073	1063	844	False	0.0	0.0	0.01669999999998595	0.0	0.0	342.2970046418497	573.291441807203	1173.0424278401674	795.7284819203531
140.024	1063	844	False	0.0	0.0	0.01670000000001437	0.0	0.0	342.2970046418497	493.4359453382044	1096.9446234490154	783.0984565141035
140.0406	1063	844	False	0.0	0.0	0.01660000000001105	0.0	0.0	342.2970046418497	457.10805167915123	999.2386706854894	778.8889911950179
140.0573	1063	844	False	0.0	0.0	0.01669999999998595	0.0	0.0	342.2970046418497	452.08797135786943	819.1428372141921	778.0121226667602
140.0742	1063	844	False	0.0	0.0	0.016899999999992588	0.0	0.0	342.2970046418497	452.08797135786943	615.9031943842364	778.0121226667602
140.0908	1063	844	False	0.0	0.0	0.01660000000001105	0.0	0.0	342.2970046418497	452.08797135786943	484.2535462101523	778.0121226667602
140.1073	1063	844	False	0.0	0.0	0.01650000000000773	0.0	0.0	332.3763697212084	452.08797135786943	447.55041021585475	776.6004635900564
140.124	1063	844	False	0.0	0.0	0.01669999999998595	0.0	0.0	187.48811982510196	452.08797135786943	443.78534997488697	775.976711095046
140.1408	1063	844	False	0.0	0.0	0.01680000000001769	0.0	0.0	49.30966469421886	452.08797135786943	435.0166646923249	775.976711095046
140.1577	1056	838	False	-7.0	-6.0	0.016899999999992588	9.219544457292887	545.5351749879841	45.46126458233209	422.6762523553685	437.38609442207206	781.6593691678373
140.1741	1033	812	False	-23.0	-26.0	0.01640000000000441	34.713109915419565	2116.653043622575	221.84901821754667	407.2362878248135	480.2355278408568	802.3295913446892
140.1908	993	759	False	-40.0	-53.0	0.01669999999998595	66.40030120413611	3976.0659403707773	553.1878465817781	472.6925254122312	563.0702349319146	841.8644147697343
140.2075	923	686	False	-70.0	-73.0	0.01670000000001437	101.13851887386922	6056.198734957017	1057.8710744948628	700.0840395683534	689.2410419101858	902.439778098229
140.2241	890	653	False	-33.0	-33.0	0.01659999999998263	46.66904755831214	2811.388407130179	1292.1534417557111	817.2252231987776	746.5715543603178	927.3144778157954
140.241	872	621	False	-18.0	-32.0	0.01690000000002101	36.71511950137164	2172.49227818497	1473.194464937792	907.745734789818	789.0753161007334	930.6787038298097
140.2576	862	595	False	-10.0	-26.0	0.01659999999998263	27.85677655436824	1678.1190695420114	1613.0377207329595	977.6673626874018	811.6120651190471	939.4189073170227
140.2742	858	583	False	-4.0	-12.0	0.01660000000001105	12.649110640673518	761.994616907536	1676.537272141921	1009.4171383918825	802.5755156705018	945.1207663749223
140.2908	857	580	False	-1.0	-3.0	0.01659999999998263	3.1622776601683795	190.49865422721015	1692.4121599941884	1017.3545823180162	776.7866018005183	947.1051273564557
140.3077	856	578	False	-1.0	-2.0	0.01690000000002101	2.23606797749979	132.31171464479348	1703.438136214588	1017.9072529678955	765.4291880475154	948.4833743840055
140.3243	856	577	False	0.0	-1.0	0.01659999999998263	1.0	60.24096385548473	1708.4582165358786	947.9731681804874	764.9093417091952	949.1108844241668
140.3409	854	571	False	-2.0	-6.0	0.01660000000001105	6.324555320336759	380.997308453768	1740.207992240359	894.7588284672861	771.6067062702374	953.0796063872268
140.3577	852	558	False	-2.0	-13.0	0.016799999999989268	13.152946437965905	782.9134784508517	1759.9895175289314	902.7253910556288	784.1523434969957	961.2349551210899
140.3743	851	539	False	-1.0	-19.0	0.01660000000001105	19.026297590440446	1146.1625054474566	1679.115306014338	950.4821621159396	800.396739907806	970.6176587829804
140.3912	848	532	False	-3.0	-7.0	0.016899999999992588	7.615773105863909	450.637461885636	1385.3295994739099	969.258723027841	792.482667247849	968.681219037937
140.4077	846	530	False	-2.0	-2.0	0.01650000000000773	2.8284271247461903	171.41982574211303	894.9313570393343	976.4012157670958	774.8463287871554	961.1382348260962
140.4243	843	529	False	-3.0	-1.0	0.01659999999998263	3.1622776601683795	190.49865422721015	676.5238776307536	984.3386596932295	738.8873025157228	953.3189076250577
140.4413	839	526	False	-4.0	-3.0	0.01700000000002433	5.0	294.1176470584026	519.9926583702064	996.5935616539963	726.8508066665796	951.857593863917
140.4577	831	523	False	-8.0	-3.0	0.01639999999997599	8.54400374531753	520.9758381298805	423.56405575252876	1018.3008882427413	735.1944298003114	956.6680547024245
140.4743	822	520	False	-9.0	-3.0	0.01660000000001105	9.486832980505138	571.4959626806519	407.6891679002885	1042.1132200211018	747.1005956894916	961.9936276068544
140.4911	808	509	False	-14.0	-11.0	0.016799999999989268	17.804493814764857	1059.791298498585	480.13022158956977	1086.2711907918763	769.1795810748787	968.8488613596123
140.5078	792	491	False	-16.0	-18.0	0.01670000000001437	24.08318915758459	1442.1071351834653	589.2798399677923	1146.3589880911873	799.2234797245343	973.8280081559609
140.5246	773	471	False	-19.0	-20.0	0.016799999999989268	27.586228448267445	1642.0374076360158	721.0962102828365	1214.7772134093545	833.432592383618	975.6187139954042
140.5411	756	447	False	-17.0	-24.0	0.01650000000000773	29.410882339705484	1782.477717557073	837.8862443747785	1289.047118307566	870.5675448327237	976.324636997292
140.5578	746	423	False	-10.0	-24.0	0.01669999999998595	26.0	1556.8862275462202	902.3839734660592	1331.1867454974924	876.9314989264366	989.7358916548413
140.5745	738	406	False	-8.0	-17.0	0.01670000000001437	18.788294228055936	1125.0475585652557	900.624394559209	1289.869850286771	848.5530690557981	1001.4551370565628
140.5911	736	400	False	-2.0	-6.0	0.01660000000001105	6.324555320336759	380.997308453768	894.8210484398868	1140.0753239568955	806.3839246845695	1005.4238590196228
140.6077	736	400	False	0.0	0.0	0.01659999999998263	0.0	0.0	880.5360629613774	887.7337100003533	793.9088747843593	1005.4238590196228
140.6244	735	400	False	-1.0	0.0	0.01670000000001437	1.0	59.88023952090656	869.6511950691853	773.0875363499669	795.1563797743783	1006.0476115146322
140.6414	719	404	False	-16.0	4.0	0.016999999999995907	16.492422502470642	970.1425001455655	925.9865994931155	722.9896289316583	815.3676818607441	1014.9277723617365
140.6578	669	441	False	-50.0	37.0	0.01640000000000441	62.20128616033595	3792.7613512389767	1198.6353922522069	811.0997240023652	894.3835433448895	1052.4271425981135
140.6746	648	453	False	-21.0	12.0	0.016799999999989268	24.186773244895647	1439.6888836256605	1270.9848023309576	839.3369851156203	924.3770617537575	1062.3950484166282
140.6913	634	455	False	-14.0	2.0	0.01670000000001437	14.142135623730951	846.8344684861546	1253.2383998299217	866.684310709743	942.0194465138857	1063.1074583615696
140.7079	629	456	False	-5.0	1.0	0.01659999999998263	5.0990195135927845	307.16985021675424	1158.6602927493625	873.9700663585746	945.9386596632411	1056.4255307643841
140.7245	629	456	False	0.0	0.0	0.01660000000001105	0.0	0.0	1021.8238421130278	871.4600261979294	909.7165971892144	1048.0912963840435
140.7413	635	456	False	6.0	0.0	0.016799999999989268	6.0	357.1428571430853	903.0459370785289	870.466090726651	882.6124595969746	1048.6927720042315
140.7579	640	457	False	5.0	1.0	0.01660000000001105	5.0990195135927845	307.1698502162283	798.902905634363	850.6434395502083	876.6844153029247	1047.2964289734807
140.7746	644	458	False	4.0	1.0	0.01669999999998595	4.123105625617661	246.892552432403	725.7233217899587	813.1738581745811	881.8280101452664	1046.147988299411
140.7912	646	460	False	2.0	2.0	0.01660000000001105	2.8284271247461903	170.38717618941612	708.1724774345961	801.4967629372386	885.3777429825459	1042.8330455335213
140.8082	671	482	False	25.0	22.0	0.016999999999995907	33.301651610693426	1958.920682982438	871.4158676831325	875.9759653222523	926.1885905446801	1049.6155091924202
140.8246	714	503	False	43.0	21.0	0.01640000000000441	47.853944456021594	2917.9234424395563	1109.58613459302	989.6186648311001	986.9786622621708	1041.9616428555894
140.8413	727	507	False	13.0	4.0	0.01669999999998595	13.601470508735444	814.4593119010112	1096.6125355726406	1011.2995675328754	1003.9465645934418	1001.592617639462
140.858	732	507	False	5.0	0.0	0.01670000000001437	5.0	299.4011976045328	805.499189436437	1002.0672908443192	1010.1840895435362	914.6634633788605
140.8746	734	507	False	2.0	0.0	0.01659999999998263	2.0	120.48192771096946	695.5652764435459	983.2750393872492	1012.6941297041814	814.2986620442052
140.8915	735	507	True	1.0	0.0	0.01690000000002101	1.0	59.17159763306253	629.926703872455	941.5825518511857	1013.9268713215369	749.0902087658409
