FrameTime	CursorPosScreenX	CursorPosScreenY	SuccessfulSel?	dx	dy	dt	distance	cursorSpeed	smoothSpeed12	smoothSpeed24	smoothSpeed48	smoothSpeed96
48.72691	480	731	False	1.0	0.0	0.016689999999996985	1.0	59.916117435600995	355.162885374943	666.8089787275812	679.8086480188007	544.2611688507043
48.74353	480	731	False	0.0	0.0	0.016620000000003188	0.0	0.0	355.162885374943	664.3361795188767	650.9421269496446	532.9509855746588
48.76021	481	731	False	1.0	0.0	0.016680000000000916	1.0	59.95203836930126	360.1588885723848	654.2764153952755	642.2170603243112	519.934612958463
48.776920000000004	482	731	False	1.0	0.0	0.016710000000003333	1.0	59.84440454816281	365.14592228473174	644.1283464909322	642.1973547199764	510.4139467271826
48.79374	482	731	False	0.0	0.0	0.016819999999995616	0.0	0.0	365.14592228473174	640.6395622932492	642.1973547199764	509.17090774548
48.81045	486	729	False	4.0	-2.0	0.016710000000003333	4.47213595499958	267.63231328537927	387.4486150585133	649.2929070814181	647.7730279134217	511.9587443422027
48.82707	497	724	False	11.0	-5.0	0.016619999999996082	12.083045973594572	727.0184099637437	198.98082696719152	672.082339629428	662.9192447876665	519.531852779325
48.84355	501	720	False	4.0	-4.0	0.016480000000001382	5.656854249492381	343.2557190225671	189.74123892378574	620.0873840533931	670.0704056006366	522.4814315832461
48.86037	502	716	False	1.0	-4.0	0.01682000000000272	4.123105625617661	245.13113113061792	158.97735475891332	469.9000038840248	675.1773041658578	525.0348808658567
48.876979999999996	506	711	False	4.0	-5.0	0.016609999999992908	6.4031242374328485	385.4981479491621	183.98988115774986	325.9605212219833	683.2085155814653	529.0504865736606
48.89374	509	708	False	3.0	-3.0	0.016760000000004993	4.242640687119285	253.14085245334252	200.11576117982398	277.66044174777704	688.4822833409099	531.6873704533829
48.9104	510	707	False	1.0	-1.0	0.016660000000001673	1.4142135623730951	84.88676844975708	207.1896585506371	278.6797670696391	602.2225955921982	531.9500881338835
48.926790000000004	510	707	False	0.0	0.0	0.016390000000001237	0.0	0.0	202.19664876433703	278.6797670696391	576.3808284841793	531.3296791602878
48.943490000000004	510	707	False	0.0	0.0	0.01670000000000016	0.0	0.0	202.19664876433703	278.6797670696391	574.6112919947234	527.6618601845661
48.96045	509	707	False	-1.0	0.0	0.01695999999999742	1.0	58.96226415095236	202.1141675794746	281.1365280759288	575.8396724978683	525.8003126662829
48.97712	506	707	False	-3.0	0.0	0.016669999999997742	3.0	179.96400719858465	212.12413446700975	288.63502837586987	578.3458836661362	523.2423136277927
48.99393	490	714	False	-16.0	7.0	0.016809999999999548	17.46424919657298	1038.920237749759	298.70082094615634	331.92337161544316	591.973323217824	532.2218286829687
49.0106	489	721	False	-1.0	7.0	0.016669999999997742	7.0710678118654755	424.1792328654129	311.7463975778258	349.59750631816877	566.0862254285856	535.768682401566
49.027029999999996	527	726	False	38.0	5.0	0.016429999999999723	38.3275357934736	2332.777589377617	445.55966252898196	322.2702447480859	571.6905706112981	559.4234541175418
49.04385	627	719	False	100.0	-7.0	0.01682000000000272	100.24470060806208	5959.851403569908	913.609302907927	551.6752709158555	647.975532208458	620.8807391717145
49.0605	744	699	False	117.0	-20.0	0.0166499999999985	118.69709347747316	7128.954563212244	1487.261255581396	823.1193051701538	759.0337508894081	694.5169300434986
49.0771	847	668	False	103.0	-31.0	0.016600000000003945	107.56393447619885	6479.755088926102	1995.1160006628077	1089.5529409102778	880.8544277635971	757.6064221914709
49.09387	906	649	False	59.0	-19.0	0.016770000000001062	61.98386886924694	3696.116211642398	2282.030613928562	1241.0731875541921	953.9306995792389	785.5543947476909
49.11067	922	640	False	16.0	-9.0	0.016799999999996373	18.35755975068582	1092.7118899220109	2366.016040717917	1286.602849634276	976.6955306192807	783.0038262622032
49.12709	922	637	False	0.0	-3.0	0.016420000000003654	3.0	182.7040194883881	2381.2413756752826	1291.7190122198087	979.2639954736943	779.1905097134148
49.14393	922	637	False	0.0	0.0	0.01683999999999486	0.0	0.0	2381.2413756752826	1291.7190122198087	978.027595869342	774.3071503222151
49.1605	922	634	False	0.0	-3.0	0.016570000000001528	3.0	181.05009052502857	2391.4153612064556	1296.7647643929643	975.5205898941191	773.9237337327927
49.17714	922	630	False	0.0	-4.0	0.01664000000000243	4.0	240.38461538458026	2396.450411888622	1304.287273177815	974.2078098343728	772.7753599723948
49.19413	926	618	False	4.0	-12.0	0.01698999999999984	12.649110640673518	744.5032749072183	2371.915664985077	1335.3082429656158	987.9739026294318	778.776865362831
49.21072	927	611	False	1.0	-7.0	0.01659000000000077	7.0710678118654755	426.2247023426852	2372.08612077485	1341.9162591763368	995.6045831288767	780.5544063842722
49.227270000000004	927	601	False	0.0	-10.0	0.016550000000002285	10.0	604.2296072506718	2228.0404555976043	1336.800059063292	1004.4411993463594	778.9987003483433
49.24411	931	591	False	4.0	-10.0	0.01683999999999486	10.770329614269007	639.5682668807776	1784.683527540177	1349.1464152240508	984.6168996387214	779.4073986656663
49.260690000000004	936	582	False	5.0	-9.0	0.016580000000004702	10.295630140987	620.9668360062775	1242.35121693968	1364.8062362605367	917.3531200722801	784.117880620916
49.2772	940	576	False	4.0	-6.0	0.016509999999996694	7.211102550927978	436.77180805144894	738.7692768667922	1366.9426387647989	846.4515799933903	788.0378005783244
49.29407	943	571	False	3.0	-5.0	0.016869999999997276	5.830951894845301	345.6403020062977	459.5629510637838	1370.7967824961722	824.2286121219739	791.6382203908901
49.31067	952	558	False	9.0	-13.0	0.016600000000003945	15.811388300841896	952.4932711348276	447.8780661648519	1406.9470534413833	842.8134102555106	801.5600252985445
49.32727	963	536	False	11.0	-22.0	0.01659999999999684	24.596747752497688	1481.73179231942	556.1303805674379	1468.6858781213593	873.6828225954986	816.9947314685384
49.344159999999995	980	514	False	17.0	-22.0	0.01688999999999652	27.80287754891569	1646.1147157443113	693.3066068794639	1537.2739912773723	907.976879173505	830.6280110933271
49.36076	987	503	False	7.0	-11.0	0.016600000000003945	13.038404810405298	785.4460729157952	743.6729387453611	1567.5441499759072	924.3403390259174	830.295198683838
49.37771	992	494	False	5.0	-9.0	0.016950000000001353	10.295630140987	607.4118077277982	774.2585381072959	1585.3544749979576	936.9947516869132	821.1233334959838
49.39417	1000	484	False	8.0	-10.0	0.01646000000000214	12.806248474865697	778.0223860792244	777.0517973716297	1574.4837311783522	953.2035513968971	816.9149287034448
49.410759999999996	1002	479	False	2.0	-5.0	0.016589999999993665	5.385164807134504	324.6030625157661	768.5833273860532	1570.3347240804503	959.9661151993088	814.0437096042514
49.427440000000004	1006	470	True	4.0	-9.0	0.016680000000008022	9.848857801796104	590.4591008268206	767.4357851840655	1497.7381203908335	910.004182569459	820.1943252378641
