FrameTime	CursorPosScreenX	CursorPosScreenY	SuccessfulSel?	dx	dy	dt	distance	cursorSpeed	smoothSpeed12	smoothSpeed24	smoothSpeed48	smoothSpeed96
138.9065	793	220	False	9.0	13.0	0.01640000000000441	15.811388300841896	964.1090427340026	386.52276979214935	357.44880982756996	369.2553333162751	366.8112496977853
138.9233	802	243	False	9.0	23.0	0.01680000000001769	24.698178070456937	1470.1296470494601	509.03357371293765	416.20920180792217	396.1405193264155	382.12510018788385
138.94	814	269	False	12.0	26.0	0.01669999999998595	28.635642126552707	1714.7091093758563	651.925999494259	487.6554146985829	419.6502604421298	399.986653410549
138.9566	816	273	False	2.0	4.0	0.01660000000001105	4.47213595499958	269.40578042148206	674.3764811960492	498.880655549478	415.2051740957565	402.7929636232728
138.9733	816	273	False	0.0	0.0	0.01669999999998595	0.0	0.0	653.9245683705517	493.36766743927825	404.61974323966155	402.7929636232728
138.9898	816	273	False	0.0	0.0	0.01650000000000773	0.0	0.0	600.879928586402	485.8375469573427	395.7454111464628	402.7929636232728
139.0065	816	273	False	0.0	0.0	0.01669999999998595	0.0	0.0	526.251069413166	475.79738631477903	392.9391009337342	402.1692111282623
139.0233	816	273	False	0.0	0.0	0.01680000000001769	0.0	0.0	447.8215639525906	458.1550015546208	388.441157725824	396.8354281005877
139.0403	814	273	False	-2.0	0.0	0.016999999999995907	2.0	117.64705882355773	421.42517151056194	385.9933548039523	372.58258571192636	387.7359773303112
139.0567	811	272	False	-3.0	-1.0	0.01640000000000441	3.1622776601683795	192.82180854680055	432.5626890866984	359.06678287800355	368.7097924015474	378.17382441069736
139.0734	804	268	False	-7.0	-4.0	0.01669999999998595	8.06225774829855	482.7699250482235	467.7734358527686	370.23985694879684	373.1548787479282	375.7805904083043
139.0901	792	263	False	-12.0	-5.0	0.01670000000001437	13.0	778.4431137717853	499.16962381426464	402.6749866892879	386.5829376582212	377.6518478933326
139.1066	778	256	False	-14.0	-7.0	0.01649999999997931	15.652475842498529	948.634899546555	497.88011188197737	442.201440837061	406.3461647321078	382.1765918758256
139.1236	767	248	False	-11.0	-8.0	0.01700000000002433	13.601470508735444	800.0865005127047	442.0431830039144	475.5383783584237	423.0146334927892	384.1271270120094
139.1403	763	245	False	-4.0	-3.0	0.01669999999998595	5.0	299.40119760504234	324.10085702301325	488.01342825863384	429.2521584428942	379.61770389766184
139.1568	761	238	False	-2.0	-7.0	0.01650000000000773	7.280109889280518	441.21878116830953	338.4186070852489	506.3975441406467	436.67997790788786	378.46301901007814
139.1736	761	232	False	0.0	-6.0	0.016799999999989268	6.0	357.1428571430853	368.1805118471727	511.05254010885983	432.96243025854005	376.56948465022407
139.1901	765	225	False	4.0	-7.0	0.01650000000000773	8.06225774829855	488.62168171483466	408.89898532340885	504.8894569549031	428.59376545683995	378.54053135970645
139.2068	786	219	False	21.0	-6.0	0.01669999999998595	21.840329667841555	1307.8041717281396	517.8826663007538	522.0668678569576	418.4145360005459	388.34649692220205
139.2235	846	230	False	60.0	11.0	0.01670000000001437	61.0	3652.6946107753	822.2738838653622	635.047723908974	469.25228957919904	422.60126081294817
139.2404	915	269	False	69.0	39.0	0.016899999999992588	79.25906888173743	4689.8857326492425	1203.293773350836	812.3594724306967	558.5393117045536	468.3905117045144
139.2569	1031	352	False	116.0	83.0	0.01650000000000773	142.63590010933433	8644.600006622273	1907.608623190459	1170.0856561385763	736.8814081193356	554.7794475824563
139.2735	1147	465	False	116.0	113.0	0.01660000000001105	161.94134740701648	9755.502855837873	2680.33636742293	1574.054901637847	940.1210509492912	655.0045160174556
139.2904	1224	539	False	77.0	74.0	0.016899999999992588	106.7941945987702	6319.183112356038	3142.064700638284	1820.617162226272	1071.7706991233754	716.619874785412
139.3069	1243	561	False	19.0	22.0	0.01650000000000773	29.068883707497267	1761.7505277262817	3209.8243363199285	1853.8522241009505	1105.6505169642653	727.2911870624908
139.3235	1243	564	False	0.0	3.0	0.01659999999998263	3.0	180.7228915664542	3158.210702241074	1800.1269426224917	1108.168072215212	723.2892479139724
139.3403	1242	571	False	-1.0	7.0	0.01680000000001769	7.0710678118654755	420.896893562978	3168.335343570902	1746.2181002969548	1116.9367574977741	723.1485513039212
139.357	1238	577	False	-4.0	6.0	0.01669999999998595	7.211102550927978	431.8025479601225	3167.5506574702194	1752.9846322777314	1125.93264391361	725.0746970906683
139.3737	1237	577	False	-1.0	0.0	0.01670000000001437	1.0	59.88023952090656	3142.778772668371	1755.4796422577692	1124.423654848529	721.9043112808544
139.3902	1237	577	False	0.0	0.0	0.01649999999997931	0.0	0.0	3102.0602991921346	1755.4796422577692	1120.6585946075613	719.424152550694
139.4068	1237	577	False	0.0	0.0	0.01660000000001105	0.0	0.0	2993.0766182147895	1755.4796422577692	1115.6385142862794	718.1615262880682
139.4236	1236	577	False	-1.0	0.0	0.016799999999989268	1.0	59.52380952384755	2693.645718110502	1757.9598009879294	1108.0574012712805	718.7815659706083
139.4405	1234	578	False	-2.0	1.0	0.016899999999992588	2.23606797749979	132.311714645016	2313.8478832768164	1758.5708283138235	1072.2820915588934	720.1598129981604
139.4571	1227	585	False	-7.0	7.0	0.01660000000001105	9.899494936611665	596.3551166629563	1643.1608091135397	1775.3847161519964	1067.2257495150054	719.3023053772149
139.4737	1214	600	False	-13.0	15.0	0.01660000000001105	19.849433241279208	1195.7489904377105	929.8479869968596	1805.0921772098916	1087.6660170793498	725.8735547586153
139.4904	1201	620	False	-13.0	20.0	0.01669999999998595	23.853720883753127	1428.366519986419	522.2799376327247	1832.1723191355013	1117.4236529124003	735.4501504937757
139.5071	1193	628	False	-8.0	8.0	0.01670000000001437	11.313708498984761	677.4675747889237	431.9230248879449	1820.8736806039335	1131.5375607205028	741.6088488322956
139.5237	1192	629	False	-1.0	1.0	0.01659999999998263	1.4142135623730951	85.19358809485392	423.96224959864486	1791.0864759198564	1133.3124271391455	741.6194135133593
139.5405	1191	629	False	-1.0	0.0	0.01680000000001769	1.0	59.52380952374685	393.8478259287089	1781.0915847498025	1134.5525065042236	741.6119431557381
139.5571	1188	629	False	-3.0	0.0	0.01659999999998263	3.0	180.7228915664542	372.9245212292365	1770.2375893497249	1138.3175667451912	743.494473276222
139.5737	1182	628	False	-6.0	-1.0	0.01660000000001105	6.082762530298219	366.43147772856446	398.47045774654134	1770.624615207453	1140.838577658162	747.3114678358946
139.5906	1168	627	False	-14.0	-1.0	0.016899999999992588	14.035668847618199	830.5129495635713	467.6798702101723	1784.8700847011503	1144.8797708280324	754.7225650287684
139.6073	1153	635	False	-15.0	8.0	0.01670000000001437	17.0	1017.9640718554115	552.5102095314566	1772.79341387312	1147.4301408650445	754.0297192975596
139.6238	1135	661	False	-18.0	26.0	0.01649999999997931	31.622776601683793	1916.5319152559666	707.2608850091332	1700.4533015598145	1167.7505127344	755.5584883213966
139.6405	1131	675	False	-4.0	14.0	0.01670000000001437	14.560219778561036	871.8694478172758	768.8906961068215	1541.3692896918158	1176.8643810612618	760.0879980045155
139.6571	1131	677	False	0.0	2.0	0.01660000000001105	2.0	120.48192771076317	729.234597027472	1186.1977030705027	1178.1416796045453	760.7266472761571
139.6739	1131	677	False	0.0	0.0	0.016799999999989268	0.0	0.0	629.5888478243295	779.7184174105914	1176.8866595242248	760.0991372359969
139.6904	1131	677	False	0.0	0.0	0.01650000000000773	0.0	0.0	510.5583044921279	516.4191210624232	1168.5181416443531	759.4790975534569
139.707	1131	677	False	0.0	0.0	0.01659999999998263	0.0	0.0	454.1026732597176	443.01284907382814	1148.432536587395	758.8439349518311
139.7237	1131	677	False	0.0	0.0	0.01670000000001437	0.0	0.0	447.0032075851464	435.4827285918925	1117.8048356071977	756.9726774668028
139.7404	1131	677	False	0.0	0.0	0.01669999999998595	0.0	0.0	442.04289012483423	417.9453580267684	1082.0817291618673	750.8659948019948
139.7572	1122	696	False	-9.0	19.0	0.01680000000001769	21.02379604162864	1251.416431048006	531.2673517482968	452.0959364887636	1102.5402843832533	758.8727292395012
139.774	1107	735	False	-15.0	39.0	0.016799999999989268	41.78516483155236	2487.2121923558957	707.9990779672411	553.2347678568882	1154.3572050573343	779.4884741484943
139.7906	1092	772	False	-15.0	37.0	0.01660000000001105	39.92492955535426	2405.116238272752	839.216018693006	653.4479444515862	1204.4637933546833	800.1046022505694
139.8073	1086	780	False	-6.0	8.0	0.01669999999998595	10.0	598.8023952100847	804.2858789725623	678.3980442520063	1216.9388432548933	804.9389720943101
139.8239	1086	780	True	0.0	0.0	0.01660000000001105	0.0	0.0	644.574886034565	675.9178855218461	1216.9388432548933	802.690000490355
